DATASET_STATS T60_Dataset_v7_4s

TOTALS
train 40000
eval 5136
test1 1080
test2 1080
test3 1080
test4 1080

T60_BINS   # bin_left  train eval test1 test2 test3 test4
0.1 4845 517 102 134 119 130
0.2 6344 716 166 210 159 216
0.3 4660 648 141 123 157 120
0.4 4056 459 106 94 102 91
0.5 3961 511 84 79 80 82
0.6 3086 326 82 130 79 137
0.7 2735 571 101 45 92 48
0.8 2625 370 90 75 90 70
0.9 2086 374 59 40 55 55
1.0 1565 202 40 67 40 42
1.1 1292 249 33 6 35 5
1.2 1085 58 36 47 34 51
1.3 934 108 24 30 25 33
1.4 726 27 14 0 12 0
1.5 0 0 2 0 1 0

SNR_VALUES   # snr_dB  train eval test1 test2 test3 test4
-5 5000 856 180 180 180 180
0 5000 856 180 180 180 180
5 5000 856 180 180 180 180
10 5000 856 180 180 180 180
15 5000 856 180 180 180 180
20 5000 856 180 180 180 180
25 5000 0 0 0 0 0
30 5000 0 0 0 0 0

RIR_TYPE   # sim real; N/A means indistinguishable
test1 1080 0
test2 0 1080
test3 1080 0
test4 0 1080
